14
711
10
142
288
406
450
841
544
816
436
605
154
87
906
328
747
521
242
417
871
185
852
737
230
693
223
343
803
444
894
104
534
352
51
783
22
564
19
448
809
632
148
761
333
181
957
624
674
186
134
775
340
209
820
832
526
961
905
144
398
418
67
94
179
377
788
519
623
602
149
671
955
132
893
99
385
665
337
714
488
513
125
622
397
974
106
649
408
287
695
23
393
802
166
763
740
201
743
262
817
235
303
721
900
481
84
469
917
353
496
46
312
690
843
563
386
810
653
529
221
620
981
682
241
618
762
987
814
977
685
280
463
770
830
381
718
929
607
360
586
651
601
882
627
720
899
420
966
855
541
706
712
736
806
846
82
24
813
388
367
887
66
648
265
403
128
672
951
888
391
679
866
911
231
454
346
956
537
827
512
566
194
742
486
233
811
109
21
120
30
286
580
652
110
663
249
315
108
274
7
873
705
390
583
556
468
339
949
268
645
992
976
347
103
269
933
608
119
590
59
172
89
141
847
680
310
673
604
943
708
373
13
318
964
972
114
143
69
27
940
919
942
396
868
207
597
752
570
216
34
95
890
746
93
253
821
616
863
71
192
520
127
780
869
222
954
135
178
113
313
244
781
562
582
157
551
240
729
548
102
160
80
805
204
614
309
75
759
559
500
65
776
681
754
308
745
438
984
835
796
634
689
70
918
47
834
293
424
334
117
853
584
374
29
56
839
785
314
394
536
997
495
464
744
451
941
281
499
338
713
603
251
670
278
502
68
970
677
615
25
516
960
508
823
792
506
270
592
836
533
950
165
477
643
838
466
405
874
455
945
266
898
567
299
822
638
45
401
484
485
225
642
531
131
389
909
812
152
854
57
445
306
5
151
258
858
647
203
277
3
167
383
123
214
97
550
329
349
2
395
6
923
32
925
719
432
348
921
791
171
55
43
271
611
733
524
111
39
326
425
844
261
903
126
473
986
122
600
77
298
304
505
202
659
885
864
857
239
661
748
842
819
164
916
475
36
218
180
193
717
317
332
62
935
990
478
430
539
646
902
15
98
63
571
379
168
968
457
188
490
366
856
549
908
137
428
574
37
773
232
523
356
845
697
409
540
553
357
532
995
989
229
296
177
210
667
247
263
64
568
920
161
892
17
787
936
217
826
937
772
480
538
264
0
370
341
284
753
824
140
415
572
421
910
641
687
886
226
889
815
598
85
124
657
350
423
205
860
797
92
867
364
245
511
392
498
467
302
589
375
581
358
865
439
625
169
121
557
446
591
973
359
629
666
595
146
182
692
599
489
494
189
476
442
617
290
518
732
655
715
851
297
691
365
790
28
363
138
133
460
588
387
257
300
458
355
26
440
384
213
999
735
248
991
170
527
696
959
422
833
727
456
175
31
782
215
471
426
870
275
764
988
561
969
613
9
768
130
800
452
197
191
777
944
904
431
801
354
493
883
880
769
187
741
433
938
48
472
416
196
54
850
939
947
525
621
402
61
414
501
967
18
372
139
301
53
631
751
74
427
413
163
400
282
1
804
83
212
211
658
509
707
115
793
878
320
219
915
546
410
978
778
965
73
610
101
330
504
728
926
633
260
40
16
738
980
52
799
934
434
726
848
190
701
928
404
517
91
11
158
585
234
497
656
675
914
78
42
849
159
447
492
749
912
279
461
558
246
412
676
688
594
319
644
983
660
323
877
88
380
593
757
50
789
709
361
198
515
635
948
684
311
767
560
946
897
335
49
118
79
344
654
145
876
975
483
20
573
58
289
639
699
985
963
723
606
331
907
702
479
555
368
771
678
760
932
545
795
449
794
351
612
765
542
419
619
105
953
774
891
766
640
465
100
579
155
596
808
996
272
60
174
256
195
238
982
316
694
626
710
993
72
913
724
327
259
220
86
267
462
12
437
411
924
861
208
896
252
76
482
779
901
407
81
206
283
441
292
453
994
399
376
578
487
236
998
184
345
44
307
879
979
547
254
881
510
829
840
750
700
636
291
237
228
528
716
112
153
378
150
514
725
875
576
147
276
971
734
755
650
859
136
8
243
336
739
683
474
4
930
552
96
587
41
669
176
958
382
285
872
325
522
807
324
758
609
162
952
756
837
931
530
33
628
798
116
662
730
90
443
224
294
818
227
927
698
507
828
535
305
199
703
569
731
129
637
554
156
35
321
255
565
831
862
362
722
429
786
459
371
668
491
825
962
470
503
664
884
369
295
577
38
107
273
543
784
342
895
173
322
686
704
575
250
435
200
183
630
922
